{
  "nbformat": 4,
  "nbformat_minor": 0,
  "metadata": {
    "colab": {
      "provenance": [],
      "authorship_tag": "ABX9TyN485Hp5qd2Znr1EP3c0kCf",
      "include_colab_link": true
    },
    "kernelspec": {
      "name": "python3",
      "display_name": "Python 3"
    },
    "language_info": {
      "name": "python"
    }
  },
  "cells": [
    {
      "cell_type": "markdown",
      "metadata": {
        "id": "view-in-github",
        "colab_type": "text"
      },
      "source": [
        "<a href=\"https://colab.research.google.com/github/earo12/Retail-Price-Optimization/blob/main/Retail_Price_Optimization.ipynb\" target=\"_parent\"><img src=\"https://colab.research.google.com/assets/colab-badge.svg\" alt=\"Open In Colab\"/></a>"
      ]
    },
    {
      "cell_type": "code",
      "execution_count": 1,
      "metadata": {
        "id": "ZneSTvgQdz9y"
      },
      "outputs": [],
      "source": [
        "import numpy as np\n",
        "import pandas as pd\n",
        "import matplotlib.pyplot as plt\n",
        "import seaborn as sns\n",
        "import plotly.express as px"
      ]
    },
    {
      "cell_type": "code",
      "source": [
        "df = pd.read_csv('retail_price.csv')\n",
        "df.head()"
      ],
      "metadata": {
        "colab": {
          "base_uri": "https://localhost:8080/",
          "height": 300
        },
        "id": "5DQ1pGFueD30",
        "outputId": "0baedc3f-e4b5-4556-940a-6b3bd5f5056c"
      },
      "execution_count": 9,
      "outputs": [
        {
          "output_type": "execute_result",
          "data": {
            "text/plain": [
              "  product_id product_category_name  month_year  qty  total_price  \\\n",
              "0       bed1        bed_bath_table  01-05-2017    1        45.95   \n",
              "1       bed1        bed_bath_table  01-06-2017    3       137.85   \n",
              "2       bed1        bed_bath_table  01-07-2017    6       275.70   \n",
              "3       bed1        bed_bath_table  01-08-2017    4       183.80   \n",
              "4       bed1        bed_bath_table  01-09-2017    2        91.90   \n",
              "\n",
              "   freight_price  unit_price  product_name_lenght  product_description_lenght  \\\n",
              "0      15.100000       45.95                   39                         161   \n",
              "1      12.933333       45.95                   39                         161   \n",
              "2      14.840000       45.95                   39                         161   \n",
              "3      14.287500       45.95                   39                         161   \n",
              "4      15.100000       45.95                   39                         161   \n",
              "\n",
              "   product_photos_qty  ...  comp_1  ps1        fp1      comp_2  ps2  \\\n",
              "0                   2  ...    89.9  3.9  15.011897  215.000000  4.4   \n",
              "1                   2  ...    89.9  3.9  14.769216  209.000000  4.4   \n",
              "2                   2  ...    89.9  3.9  13.993833  205.000000  4.4   \n",
              "3                   2  ...    89.9  3.9  14.656757  199.509804  4.4   \n",
              "4                   2  ...    89.9  3.9  18.776522  163.398710  4.4   \n",
              "\n",
              "         fp2  comp_3  ps3        fp3  lag_price  \n",
              "0   8.760000   45.95  4.0  15.100000      45.90  \n",
              "1  21.322000   45.95  4.0  12.933333      45.95  \n",
              "2  22.195932   45.95  4.0  14.840000      45.95  \n",
              "3  19.412885   45.95  4.0  14.287500      45.95  \n",
              "4  24.324687   45.95  4.0  15.100000      45.95  \n",
              "\n",
              "[5 rows x 30 columns]"
            ],
            "text/html": [
              "\n",
              "  <div id=\"df-5fdb5a14-8cb7-4796-9c3a-86ccc9d514cd\">\n",
              "    <div class=\"colab-df-container\">\n",
              "      <div>\n",
              "<style scoped>\n",
              "    .dataframe tbody tr th:only-of-type {\n",
              "        vertical-align: middle;\n",
              "    }\n",
              "\n",
              "    .dataframe tbody tr th {\n",
              "        vertical-align: top;\n",
              "    }\n",
              "\n",
              "    .dataframe thead th {\n",
              "        text-align: right;\n",
              "    }\n",
              "</style>\n",
              "<table border=\"1\" class=\"dataframe\">\n",
              "  <thead>\n",
              "    <tr style=\"text-align: right;\">\n",
              "      <th></th>\n",
              "      <th>product_id</th>\n",
              "      <th>product_category_name</th>\n",
              "      <th>month_year</th>\n",
              "      <th>qty</th>\n",
              "      <th>total_price</th>\n",
              "      <th>freight_price</th>\n",
              "      <th>unit_price</th>\n",
              "      <th>product_name_lenght</th>\n",
              "      <th>product_description_lenght</th>\n",
              "      <th>product_photos_qty</th>\n",
              "      <th>...</th>\n",
              "      <th>comp_1</th>\n",
              "      <th>ps1</th>\n",
              "      <th>fp1</th>\n",
              "      <th>comp_2</th>\n",
              "      <th>ps2</th>\n",
              "      <th>fp2</th>\n",
              "      <th>comp_3</th>\n",
              "      <th>ps3</th>\n",
              "      <th>fp3</th>\n",
              "      <th>lag_price</th>\n",
              "    </tr>\n",
              "  </thead>\n",
              "  <tbody>\n",
              "    <tr>\n",
              "      <th>0</th>\n",
              "      <td>bed1</td>\n",
              "      <td>bed_bath_table</td>\n",
              "      <td>01-05-2017</td>\n",
              "      <td>1</td>\n",
              "      <td>45.95</td>\n",
              "      <td>15.100000</td>\n",
              "      <td>45.95</td>\n",
              "      <td>39</td>\n",
              "      <td>161</td>\n",
              "      <td>2</td>\n",
              "      <td>...</td>\n",
              "      <td>89.9</td>\n",
              "      <td>3.9</td>\n",
              "      <td>15.011897</td>\n",
              "      <td>215.000000</td>\n",
              "      <td>4.4</td>\n",
              "      <td>8.760000</td>\n",
              "      <td>45.95</td>\n",
              "      <td>4.0</td>\n",
              "      <td>15.100000</td>\n",
              "      <td>45.90</td>\n",
              "    </tr>\n",
              "    <tr>\n",
              "      <th>1</th>\n",
              "      <td>bed1</td>\n",
              "      <td>bed_bath_table</td>\n",
              "      <td>01-06-2017</td>\n",
              "      <td>3</td>\n",
              "      <td>137.85</td>\n",
              "      <td>12.933333</td>\n",
              "      <td>45.95</td>\n",
              "      <td>39</td>\n",
              "      <td>161</td>\n",
              "      <td>2</td>\n",
              "      <td>...</td>\n",
              "      <td>89.9</td>\n",
              "      <td>3.9</td>\n",
              "      <td>14.769216</td>\n",
              "      <td>209.000000</td>\n",
              "      <td>4.4</td>\n",
              "      <td>21.322000</td>\n",
              "      <td>45.95</td>\n",
              "      <td>4.0</td>\n",
              "      <td>12.933333</td>\n",
              "      <td>45.95</td>\n",
              "    </tr>\n",
              "    <tr>\n",
              "      <th>2</th>\n",
              "      <td>bed1</td>\n",
              "      <td>bed_bath_table</td>\n",
              "      <td>01-07-2017</td>\n",
              "      <td>6</td>\n",
              "      <td>275.70</td>\n",
              "      <td>14.840000</td>\n",
              "      <td>45.95</td>\n",
              "      <td>39</td>\n",
              "      <td>161</td>\n",
              "      <td>2</td>\n",
              "      <td>...</td>\n",
              "      <td>89.9</td>\n",
              "      <td>3.9</td>\n",
              "      <td>13.993833</td>\n",
              "      <td>205.000000</td>\n",
              "      <td>4.4</td>\n",
              "      <td>22.195932</td>\n",
              "      <td>45.95</td>\n",
              "      <td>4.0</td>\n",
              "      <td>14.840000</td>\n",
              "      <td>45.95</td>\n",
              "    </tr>\n",
              "    <tr>\n",
              "      <th>3</th>\n",
              "      <td>bed1</td>\n",
              "      <td>bed_bath_table</td>\n",
              "      <td>01-08-2017</td>\n",
              "      <td>4</td>\n",
              "      <td>183.80</td>\n",
              "      <td>14.287500</td>\n",
              "      <td>45.95</td>\n",
              "      <td>39</td>\n",
              "      <td>161</td>\n",
              "      <td>2</td>\n",
              "      <td>...</td>\n",
              "      <td>89.9</td>\n",
              "      <td>3.9</td>\n",
              "      <td>14.656757</td>\n",
              "      <td>199.509804</td>\n",
              "      <td>4.4</td>\n",
              "      <td>19.412885</td>\n",
              "      <td>45.95</td>\n",
              "      <td>4.0</td>\n",
              "      <td>14.287500</td>\n",
              "      <td>45.95</td>\n",
              "    </tr>\n",
              "    <tr>\n",
              "      <th>4</th>\n",
              "      <td>bed1</td>\n",
              "      <td>bed_bath_table</td>\n",
              "      <td>01-09-2017</td>\n",
              "      <td>2</td>\n",
              "      <td>91.90</td>\n",
              "      <td>15.100000</td>\n",
              "      <td>45.95</td>\n",
              "      <td>39</td>\n",
              "      <td>161</td>\n",
              "      <td>2</td>\n",
              "      <td>...</td>\n",
              "      <td>89.9</td>\n",
              "      <td>3.9</td>\n",
              "      <td>18.776522</td>\n",
              "      <td>163.398710</td>\n",
              "      <td>4.4</td>\n",
              "      <td>24.324687</td>\n",
              "      <td>45.95</td>\n",
              "      <td>4.0</td>\n",
              "      <td>15.100000</td>\n",
              "      <td>45.95</td>\n",
              "    </tr>\n",
              "  </tbody>\n",
              "</table>\n",
              "<p>5 rows × 30 columns</p>\n",
              "</div>\n",
              "      <button class=\"colab-df-convert\" onclick=\"convertToInteractive('df-5fdb5a14-8cb7-4796-9c3a-86ccc9d514cd')\"\n",
              "              title=\"Convert this dataframe to an interactive table.\"\n",
              "              style=\"display:none;\">\n",
              "        \n",
              "  <svg xmlns=\"http://www.w3.org/2000/svg\" height=\"24px\"viewBox=\"0 0 24 24\"\n",
              "       width=\"24px\">\n",
              "    <path d=\"M0 0h24v24H0V0z\" fill=\"none\"/>\n",
              "    <path d=\"M18.56 5.44l.94 2.06.94-2.06 2.06-.94-2.06-.94-.94-2.06-.94 2.06-2.06.94zm-11 1L8.5 8.5l.94-2.06 2.06-.94-2.06-.94L8.5 2.5l-.94 2.06-2.06.94zm10 10l.94 2.06.94-2.06 2.06-.94-2.06-.94-.94-2.06-.94 2.06-2.06.94z\"/><path d=\"M17.41 7.96l-1.37-1.37c-.4-.4-.92-.59-1.43-.59-.52 0-1.04.2-1.43.59L10.3 9.45l-7.72 7.72c-.78.78-.78 2.05 0 2.83L4 21.41c.39.39.9.59 1.41.59.51 0 1.02-.2 1.41-.59l7.78-7.78 2.81-2.81c.8-.78.8-2.07 0-2.86zM5.41 20L4 18.59l7.72-7.72 1.47 1.35L5.41 20z\"/>\n",
              "  </svg>\n",
              "      </button>\n",
              "      \n",
              "  <style>\n",
              "    .colab-df-container {\n",
              "      display:flex;\n",
              "      flex-wrap:wrap;\n",
              "      gap: 12px;\n",
              "    }\n",
              "\n",
              "    .colab-df-convert {\n",
              "      background-color: #E8F0FE;\n",
              "      border: none;\n",
              "      border-radius: 50%;\n",
              "      cursor: pointer;\n",
              "      display: none;\n",
              "      fill: #1967D2;\n",
              "      height: 32px;\n",
              "      padding: 0 0 0 0;\n",
              "      width: 32px;\n",
              "    }\n",
              "\n",
              "    .colab-df-convert:hover {\n",
              "      background-color: #E2EBFA;\n",
              "      box-shadow: 0px 1px 2px rgba(60, 64, 67, 0.3), 0px 1px 3px 1px rgba(60, 64, 67, 0.15);\n",
              "      fill: #174EA6;\n",
              "    }\n",
              "\n",
              "    [theme=dark] .colab-df-convert {\n",
              "      background-color: #3B4455;\n",
              "      fill: #D2E3FC;\n",
              "    }\n",
              "\n",
              "    [theme=dark] .colab-df-convert:hover {\n",
              "      background-color: #434B5C;\n",
              "      box-shadow: 0px 1px 3px 1px rgba(0, 0, 0, 0.15);\n",
              "      filter: drop-shadow(0px 1px 2px rgba(0, 0, 0, 0.3));\n",
              "      fill: #FFFFFF;\n",
              "    }\n",
              "  </style>\n",
              "\n",
              "      <script>\n",
              "        const buttonEl =\n",
              "          document.querySelector('#df-5fdb5a14-8cb7-4796-9c3a-86ccc9d514cd button.colab-df-convert');\n",
              "        buttonEl.style.display =\n",
              "          google.colab.kernel.accessAllowed ? 'block' : 'none';\n",
              "\n",
              "        async function convertToInteractive(key) {\n",
              "          const element = document.querySelector('#df-5fdb5a14-8cb7-4796-9c3a-86ccc9d514cd');\n",
              "          const dataTable =\n",
              "            await google.colab.kernel.invokeFunction('convertToInteractive',\n",
              "                                                     [key], {});\n",
              "          if (!dataTable) return;\n",
              "\n",
              "          const docLinkHtml = 'Like what you see? Visit the ' +\n",
              "            '<a target=\"_blank\" href=https://colab.research.google.com/notebooks/data_table.ipynb>data table notebook</a>'\n",
              "            + ' to learn more about interactive tables.';\n",
              "          element.innerHTML = '';\n",
              "          dataTable['output_type'] = 'display_data';\n",
              "          await google.colab.output.renderOutput(dataTable, element);\n",
              "          const docLink = document.createElement('div');\n",
              "          docLink.innerHTML = docLinkHtml;\n",
              "          element.appendChild(docLink);\n",
              "        }\n",
              "      </script>\n",
              "    </div>\n",
              "  </div>\n",
              "  "
            ]
          },
          "metadata": {},
          "execution_count": 9
        }
      ]
    },
    {
      "cell_type": "markdown",
      "source": [
        "Let's check the information about the dataframe"
      ],
      "metadata": {
        "id": "VeQ7akMye5VG"
      }
    },
    {
      "cell_type": "code",
      "source": [
        "df.info()"
      ],
      "metadata": {
        "colab": {
          "base_uri": "https://localhost:8080/"
        },
        "id": "n5a8BRU5ejt5",
        "outputId": "265d0c97-ecd3-45de-9664-3ac5d7d7afb5"
      },
      "execution_count": 3,
      "outputs": [
        {
          "output_type": "stream",
          "name": "stdout",
          "text": [
            "<class 'pandas.core.frame.DataFrame'>\n",
            "RangeIndex: 676 entries, 0 to 675\n",
            "Data columns (total 30 columns):\n",
            " #   Column                      Non-Null Count  Dtype  \n",
            "---  ------                      --------------  -----  \n",
            " 0   product_id                  676 non-null    object \n",
            " 1   product_category_name       676 non-null    object \n",
            " 2   month_year                  676 non-null    object \n",
            " 3   qty                         676 non-null    int64  \n",
            " 4   total_price                 676 non-null    float64\n",
            " 5   freight_price               676 non-null    float64\n",
            " 6   unit_price                  676 non-null    float64\n",
            " 7   product_name_lenght         676 non-null    int64  \n",
            " 8   product_description_lenght  676 non-null    int64  \n",
            " 9   product_photos_qty          676 non-null    int64  \n",
            " 10  product_weight_g            676 non-null    int64  \n",
            " 11  product_score               676 non-null    float64\n",
            " 12  customers                   676 non-null    int64  \n",
            " 13  weekday                     676 non-null    int64  \n",
            " 14  weekend                     676 non-null    int64  \n",
            " 15  holiday                     676 non-null    int64  \n",
            " 16  month                       676 non-null    int64  \n",
            " 17  year                        676 non-null    int64  \n",
            " 18  s                           676 non-null    float64\n",
            " 19  volume                      676 non-null    int64  \n",
            " 20  comp_1                      676 non-null    float64\n",
            " 21  ps1                         676 non-null    float64\n",
            " 22  fp1                         676 non-null    float64\n",
            " 23  comp_2                      676 non-null    float64\n",
            " 24  ps2                         676 non-null    float64\n",
            " 25  fp2                         676 non-null    float64\n",
            " 26  comp_3                      676 non-null    float64\n",
            " 27  ps3                         676 non-null    float64\n",
            " 28  fp3                         676 non-null    float64\n",
            " 29  lag_price                   676 non-null    float64\n",
            "dtypes: float64(15), int64(12), object(3)\n",
            "memory usage: 158.6+ KB\n"
          ]
        }
      ]
    },
    {
      "cell_type": "markdown",
      "source": [
        "Let's check if this dataframe has null values:"
      ],
      "metadata": {
        "id": "pLIn1tXTT_13"
      }
    },
    {
      "cell_type": "code",
      "source": [
        "df.isnull().sum()"
      ],
      "metadata": {
        "id": "WvrhX_lFeSJD",
        "colab": {
          "base_uri": "https://localhost:8080/"
        },
        "outputId": "ffbc0ddb-afb0-434c-9863-4839eccd5ceb"
      },
      "execution_count": 4,
      "outputs": [
        {
          "output_type": "execute_result",
          "data": {
            "text/plain": [
              "product_id                    0\n",
              "product_category_name         0\n",
              "month_year                    0\n",
              "qty                           0\n",
              "total_price                   0\n",
              "freight_price                 0\n",
              "unit_price                    0\n",
              "product_name_lenght           0\n",
              "product_description_lenght    0\n",
              "product_photos_qty            0\n",
              "product_weight_g              0\n",
              "product_score                 0\n",
              "customers                     0\n",
              "weekday                       0\n",
              "weekend                       0\n",
              "holiday                       0\n",
              "month                         0\n",
              "year                          0\n",
              "s                             0\n",
              "volume                        0\n",
              "comp_1                        0\n",
              "ps1                           0\n",
              "fp1                           0\n",
              "comp_2                        0\n",
              "ps2                           0\n",
              "fp2                           0\n",
              "comp_3                        0\n",
              "ps3                           0\n",
              "fp3                           0\n",
              "lag_price                     0\n",
              "dtype: int64"
            ]
          },
          "metadata": {},
          "execution_count": 4
        }
      ]
    },
    {
      "cell_type": "markdown",
      "source": [
        "Since the column \"product_id\" doesn't have an important meaning during the development of the model, I won't use it anymore:"
      ],
      "metadata": {
        "id": "8tdN6cwfU_Lf"
      }
    },
    {
      "cell_type": "code",
      "source": [
        "df.drop('product_id',axis = 1 ,inplace = True)"
      ],
      "metadata": {
        "id": "N1gkKtHXU3CD"
      },
      "execution_count": 5,
      "outputs": []
    },
    {
      "cell_type": "code",
      "source": [
        "df.columns"
      ],
      "metadata": {
        "colab": {
          "base_uri": "https://localhost:8080/"
        },
        "id": "yAJe5c8OVPN_",
        "outputId": "f3e8f342-be6b-4a61-af8e-109b55dac3a2"
      },
      "execution_count": 6,
      "outputs": [
        {
          "output_type": "execute_result",
          "data": {
            "text/plain": [
              "Index(['product_category_name', 'month_year', 'qty', 'total_price',\n",
              "       'freight_price', 'unit_price', 'product_name_lenght',\n",
              "       'product_description_lenght', 'product_photos_qty', 'product_weight_g',\n",
              "       'product_score', 'customers', 'weekday', 'weekend', 'holiday', 'month',\n",
              "       'year', 's', 'volume', 'comp_1', 'ps1', 'fp1', 'comp_2', 'ps2', 'fp2',\n",
              "       'comp_3', 'ps3', 'fp3', 'lag_price'],\n",
              "      dtype='object')"
            ]
          },
          "metadata": {},
          "execution_count": 6
        }
      ]
    },
    {
      "cell_type": "markdown",
      "source": [
        "Before of all, I'll check which are the highest price and the lowest price products of the dataframe"
      ],
      "metadata": {
        "id": "gfdZ140JV0yB"
      }
    },
    {
      "cell_type": "code",
      "source": [
        "lowest = df.sort_values(by = 'total_price', ascending = False)\n",
        "highest = df.sort_values(by = 'total_price', ascending = True)\n",
        "print(f'Dataframe in descending order: {lowest}')\n",
        "print('#------------------------------------#')\n",
        "print(f'Dataframe in ascending order: {highest}')"
      ],
      "metadata": {
        "colab": {
          "base_uri": "https://localhost:8080/"
        },
        "id": "xznvsh1MVpHS",
        "outputId": "39998924-dcf0-416a-9adb-b23587667b13"
      },
      "execution_count": 7,
      "outputs": [
        {
          "output_type": "stream",
          "name": "stdout",
          "text": [
            "Dataframe in descending order:      product_category_name  month_year  qty  total_price  freight_price  \\\n",
            "673         bed_bath_table  01-07-2017   59      12095.0      22.195932   \n",
            "277          watches_gifts  01-05-2018  114      11820.2       0.095439   \n",
            "674         bed_bath_table  01-08-2017   52      10375.0      19.412885   \n",
            "175  computers_accessories  01-02-2018   69      10343.1      26.552899   \n",
            "549          health_beauty  01-08-2018   28       9240.0      20.505357   \n",
            "..                     ...         ...  ...          ...            ...   \n",
            "468        furniture_decor  01-08-2018    1         35.0      19.440000   \n",
            "336         consoles_games  01-02-2018    1         32.5      11.850000   \n",
            "623          health_beauty  01-10-2017    1         29.9      11.850000   \n",
            "281             cool_stuff  01-09-2017    1         29.5      11.730000   \n",
            "329         consoles_games  01-07-2017    1         19.9      11.850000   \n",
            "\n",
            "     unit_price  product_name_lenght  product_description_lenght  \\\n",
            "673  205.000000                   56                         162   \n",
            "277  103.792523                   33                         523   \n",
            "674  199.509804                   56                         162   \n",
            "175  149.900000                   48                         894   \n",
            "549  330.000000                   60                        2644   \n",
            "..          ...                  ...                         ...   \n",
            "468   35.000000                   41                         789   \n",
            "336   32.500000                   56                         237   \n",
            "623   29.900000                   55                         388   \n",
            "281   29.500000                   57                         787   \n",
            "329   19.900000                   56                         237   \n",
            "\n",
            "     product_photos_qty  product_weight_g  ...      comp_1  ps1        fp1  \\\n",
            "673                   5              9750  ...   89.900000  3.9  13.993833   \n",
            "277                   3               584  ...  103.792523  4.2   0.095439   \n",
            "674                   5              9750  ...   89.900000  3.9  14.656757   \n",
            "175                   1               533  ...  149.000000  4.2  41.163226   \n",
            "549                   6               400  ...   23.990000  4.3  16.770000   \n",
            "..                  ...               ...  ...         ...  ...        ...   \n",
            "468                   1               950  ...  103.233333  4.1  22.300000   \n",
            "336                   3               100  ...   32.500000  4.2  15.256000   \n",
            "623                   1               250  ...   23.990000  4.3  13.136667   \n",
            "281                   8              1867  ...   99.990000  4.2  15.933333   \n",
            "329                   3               100  ...   19.900000  4.2  13.473077   \n",
            "\n",
            "         comp_2  ps2        fp2      comp_3  ps3        fp3   lag_price  \n",
            "673  205.000000  4.4  22.195932   45.950000  4.0  14.840000  209.000000  \n",
            "277  105.000000  4.2  11.377297  132.531250  3.8  15.762187  105.648625  \n",
            "674  199.509804  4.4  19.412885   45.950000  4.0  14.287500  205.000000  \n",
            "175  149.900000  4.3  26.552899   78.712281  3.5  14.535915  150.354546  \n",
            "549   82.821429  4.1  12.418571   58.990000  3.9  12.083333  330.000000  \n",
            "..          ...  ...        ...         ...  ...        ...         ...  \n",
            "468   35.000000  3.7  15.628125   83.833333  4.4  23.776667   34.950000  \n",
            "336   32.500000  3.9  11.850000   32.500000  3.9  11.850000   27.033333  \n",
            "623   89.990000  4.1  16.562917   58.990000  3.9  19.065263   29.850000  \n",
            "281   29.500000  4.4  11.730000   29.500000  4.4  11.730000   29.450000  \n",
            "329   19.900000  3.9  11.850000   19.900000  3.9  11.850000   19.850000  \n",
            "\n",
            "[676 rows x 29 columns]\n",
            "#------------------------------------#\n",
            "Dataframe in ascending order:      product_category_name  month_year  qty  total_price  freight_price  \\\n",
            "329         consoles_games  01-07-2017    1         19.9      11.850000   \n",
            "281             cool_stuff  01-09-2017    1         29.5      11.730000   \n",
            "623          health_beauty  01-10-2017    1         29.9      11.850000   \n",
            "336         consoles_games  01-02-2018    1         32.5      11.850000   \n",
            "468        furniture_decor  01-08-2018    1         35.0      19.440000   \n",
            "..                     ...         ...  ...          ...            ...   \n",
            "549          health_beauty  01-08-2018   28       9240.0      20.505357   \n",
            "175  computers_accessories  01-02-2018   69      10343.1      26.552899   \n",
            "674         bed_bath_table  01-08-2017   52      10375.0      19.412885   \n",
            "277          watches_gifts  01-05-2018  114      11820.2       0.095439   \n",
            "673         bed_bath_table  01-07-2017   59      12095.0      22.195932   \n",
            "\n",
            "     unit_price  product_name_lenght  product_description_lenght  \\\n",
            "329   19.900000                   56                         237   \n",
            "281   29.500000                   57                         787   \n",
            "623   29.900000                   55                         388   \n",
            "336   32.500000                   56                         237   \n",
            "468   35.000000                   41                         789   \n",
            "..          ...                  ...                         ...   \n",
            "549  330.000000                   60                        2644   \n",
            "175  149.900000                   48                         894   \n",
            "674  199.509804                   56                         162   \n",
            "277  103.792523                   33                         523   \n",
            "673  205.000000                   56                         162   \n",
            "\n",
            "     product_photos_qty  product_weight_g  ...      comp_1  ps1        fp1  \\\n",
            "329                   3               100  ...   19.900000  4.2  13.473077   \n",
            "281                   8              1867  ...   99.990000  4.2  15.933333   \n",
            "623                   1               250  ...   23.990000  4.3  13.136667   \n",
            "336                   3               100  ...   32.500000  4.2  15.256000   \n",
            "468                   1               950  ...  103.233333  4.1  22.300000   \n",
            "..                  ...               ...  ...         ...  ...        ...   \n",
            "549                   6               400  ...   23.990000  4.3  16.770000   \n",
            "175                   1               533  ...  149.000000  4.2  41.163226   \n",
            "674                   5              9750  ...   89.900000  3.9  14.656757   \n",
            "277                   3               584  ...  103.792523  4.2   0.095439   \n",
            "673                   5              9750  ...   89.900000  3.9  13.993833   \n",
            "\n",
            "         comp_2  ps2        fp2      comp_3  ps3        fp3   lag_price  \n",
            "329   19.900000  3.9  11.850000   19.900000  3.9  11.850000   19.850000  \n",
            "281   29.500000  4.4  11.730000   29.500000  4.4  11.730000   29.450000  \n",
            "623   89.990000  4.1  16.562917   58.990000  3.9  19.065263   29.850000  \n",
            "336   32.500000  3.9  11.850000   32.500000  3.9  11.850000   27.033333  \n",
            "468   35.000000  3.7  15.628125   83.833333  4.4  23.776667   34.950000  \n",
            "..          ...  ...        ...         ...  ...        ...         ...  \n",
            "549   82.821429  4.1  12.418571   58.990000  3.9  12.083333  330.000000  \n",
            "175  149.900000  4.3  26.552899   78.712281  3.5  14.535915  150.354546  \n",
            "674  199.509804  4.4  19.412885   45.950000  4.0  14.287500  205.000000  \n",
            "277  105.000000  4.2  11.377297  132.531250  3.8  15.762187  105.648625  \n",
            "673  205.000000  4.4  22.195932   45.950000  4.0  14.840000  209.000000  \n",
            "\n",
            "[676 rows x 29 columns]\n"
          ]
        }
      ]
    },
    {
      "cell_type": "markdown",
      "source": [
        "Let's check our distributions by making histograms:"
      ],
      "metadata": {
        "id": "pQwk7-sacR_M"
      }
    },
    {
      "cell_type": "code",
      "source": [
        "# PLOTLY:\n",
        "fig = px.histogram(df, x = 'total_price', title = 'Distribution of Total Price')\n",
        "fig.show()"
      ],
      "metadata": {
        "colab": {
          "base_uri": "https://localhost:8080/",
          "height": 542
        },
        "id": "vA4SGoYPWOFT",
        "outputId": "847faf4b-9c97-484b-bce1-2431cbbf1785"
      },
      "execution_count": 13,
      "outputs": [
        {
          "output_type": "display_data",
          "data": {
            "text/html": [
              "<html>\n",
              "<head><meta charset=\"utf-8\" /></head>\n",
              "<body>\n",
              "    <div>            <script src=\"https://cdnjs.cloudflare.com/ajax/libs/mathjax/2.7.5/MathJax.js?config=TeX-AMS-MML_SVG\"></script><script type=\"text/javascript\">if (window.MathJax && window.MathJax.Hub && window.MathJax.Hub.Config) {window.MathJax.Hub.Config({SVG: {font: \"STIX-Web\"}});}</script>                <script type=\"text/javascript\">window.PlotlyConfig = {MathJaxConfig: 'local'};</script>\n",
